0 -38.8249 -38.8249 -38.8249 1298.78 379.839 6 1180 402.62
1 -68.6405 -68.6405 -68.6405 1424.29 435.94 14 1235 482.152
2 -35.1296 -68.6405 -68.6405 1437.55 536.458 9 1420 396.152
3 -49.9864 -68.6405 -68.6405 1274.7 483.986 24 1191 443.752
4 -64.995 -68.6405 -68.6405 1373.54 425.076 7 1025 472.22
5 -41.666 -68.6405 -68.6405 1360.84 588.167 80 1872 398.252
6 -55.2724 -68.6405 -68.6405 1101.47 361.673 132 816 390.353
7 -56.9151 -68.6405 -68.6405 1147.48 273.212 6 1003 438.93
8 -64.2455 -68.6405 -68.6405 1286.54 604.26 60 1561 424.53
9 -54.4889 -68.6405 -68.6405 1123.16 278.591 20 1461 468.553
10 -54.3763 -68.6405 -68.6405 1224.8 431.209 49 810 403.83
11 -49.9378 -68.6405 -68.6405 1183.63 274.198 190 1194 482.82
12 -48.7739 -68.6405 -68.6405 1320.95 477.982 12 1484 409.952
13 -58.8924 -68.6405 -68.6405 994.252 246.028 147 1739 505.952
14 -36.914 -68.6405 -68.6405 1439.51 672.247 5 905 298.452
15 -50.415 -68.6405 -68.6405 1243.33 331.455 35 1347 531.82
16 -67.1467 -68.6405 -68.6405 1148.61 400.138 53 1242 393.752
17 -68.9803 -68.9803 -68.9803 866.783 78.9467 114 1201 589.22
18 -76.0098 -76.0098 -76.0098 879.519 178.745 47 853 405.352
19 -74.5997 -76.0098 -76.0098 923.017 136.72 268 1261 557.852
20 -58.0605 -76.0098 -76.0098 867.743 219.424 114 949 506.352
21 -68.1248 -76.0098 -76.0098 909.58 63.1646 203 1394 594.32
22 -68.6937 -76.0098 -76.0098 948.335 149.077 143 1221 536.62
23 -76.2401 -76.2401 -76.2401 747.504 60.9874 19 1347 545.82
24 -59.7537 -76.2401 -76.2401 646.03 90.3702 102 979 454.053
25 -78.9442 -78.9442 -78.9442 775.826 108.011 114 789 4452
26 -75.9439 -78.9442 -78.9442 606.379 1.76128 244 1007 558.652
27 -75.0966 -78.9442 -78.9442 537.43 43.259 173 1631 516.32
28 -81.1201 -81.1201 -81.1201 467.552 18.2851 130 1090 566.252
29 -76.8234 -81.1201 -81.1201 428.603 -31.6512 85 1258 488.452
30 -82.3171 -82.3171 -82.3171 383.899 -47.62 121 1703 511.752
31 -57.0592 -82.3171 -82.3171 493.698 -3.51226 260 1325 615.72
32 -78.9929 -82.3171 -82.3171 379.009 -53.0782 78 782 389.62
33 -80.6234 -82.3171 -82.3171 436.892 -54.4211 77 748 354.852
34 -81.4867 -82.3171 -82.3171 406.792 -39.5158 36 1385 465.952
35 -80.2624 -82.3171 -82.3171 236.321 -57.3595 65 1346 338.22
36 -81.5557 -82.3171 -82.3171 180.063 -61.1116 57 988 335.452
37 -82.6964 -82.6964 -82.6964 98.5219 -66.5083 57 627 218.252
38 -82.6321 -82.6964 -82.6964 153.837 -61.4278 59 684 2132
39 -83.2217 -83.2217 -83.2217 55.0038 -70.7657 37 651 184.852
40 -83.2216 -83.2217 -83.2217 16.3631 -74.2773 51 637 163.252
41 -83.124 -83.2217 -83.2217 50.6215 -53.1622 36 548 1432
42 -83.2442 -83.2442 -83.2442 51.957 -74.0026 39 524 143.22
43 -83.3068 -83.3068 -83.3068 -38.5768 -76.9395 32 278 87.72
44 -83.1764 -83.3068 -83.3068 9.58784 -78.4516 35 499 95.752
45 -83.2542 -83.3068 -83.3068 26.9154 -73.1782 34 482 154.352
46 -83.2033 -83.3068 -83.3068 11.0284 -57.489 33 576 97.92
47 -83.1458 -83.3068 -83.3068 -2.04349 -72.5379 31 1186 145.62
48 -83.2518 -83.3068 -83.3068 -63.4008 -79.5232 33 530 75.652
49 -83.1291 -83.3068 -83.3068 -70.1103 -81.7467 34 110 59.752
50 -83.2625 -83.3068 -83.3068 -2.72171 -78.5458 32 578 107.12
51 -56.363 -56.363 -83.3068 1253.31 313.519 118 1412 562.553
52 -34.7218 -56.363 -83.3068 1191.62 269.268 52 1695 570.12
53 -41.2471 -56.363 -83.3068 1195.74 328.241 111 894 403.12
54 -48.7117 -56.363 -83.3068 1078.8 236.802 81 1374 559.22
55 -41.3284 -56.363 -83.3068 1339.36 571.138 7 715 323.052
56 -40.5725 -56.363 -83.3068 1171.93 428.504 74 1008 319.052
57 -48.2898 -56.363 -83.3068 1184.61 239.355 65 1226 504.352
58 -36.6101 -56.363 -83.3068 1044.26 321.248 5 818 366.82
59 -34.49 -56.363 -83.3068 1347.15 387.385 42 1226 493.42
60 -58.7471 -58.7471 -83.3068 1316.76 441.624 5 976 380.054
61 -43.6304 -58.7471 -83.3068 1237.63 529.837 53 855 373.92
62 -56.8289 -58.7471 -83.3068 1302.28 299.058 5 1027 511.454
63 -59.7899 -59.7899 -83.3068 1317.38 403.469 15 1022 404.92
64 -61.4543 -61.4543 -83.3068 1020.65 181.176 109 1228 5452
65 -40.6734 -61.4543 -83.3068 1281.25 465.171 5 960 330.452
66 -69.7692 -69.7692 -83.3068 1133.25 379.119 32 969 4202
67 -41.0608 -69.7692 -83.3068 1144.22 226.05 137 1217 4772
68 -61.8815 -69.7692 -83.3068 1014.42 300.026 135 1913 442.354
69 -62.6386 -69.7692 -83.3068 971.951 219.965 99 1069 424.053
70 -55.6028 -69.7692 -83.3068 1006.35 203.501 92 1130 510.34
71 -57.7493 -69.7692 -83.3068 733.607 14.0829 189 1931 660.453
72 -61.1673 -69.7692 -83.3068 561.971 39.7096 223 987 521.62
73 -64.9177 -69.7692 -83.3068 810.103 102.434 89 894 455.82
74 -72.1658 -72.1658 -83.3068 499.051 -39.395 222 1001 456.255
75 -72.717 -72.717 -83.3068 833.398 102.775 85 1121 457.52
76 -64.2562 -72.717 -83.3068 639.436 15.1139 149 1311 503.52
77 -81.3799 -81.3799 -83.3068 636.784 -3.07627 121 1001 494.32
78 -80.9606 -81.3799 -83.3068 575.887 -38.6734 196 1499 540.82
79 -81.09 -81.3799 -83.3068 553.579 69.6048 124 1253 415.552
80 -80.7066 -81.3799 -83.3068 526.315 16.4431 167 806 395.752
81 -81.3006 -81.3799 -83.3068 397.604 -8.82607 79 582 313.92
82 -81.3597 -81.3799 -83.3068 289.529 -11.4704 69 1065 289.92
83 -82.0214 -82.0214 -83.3068 352.035 -66.474 54 564 287.52
84 -81.2315 -82.0214 -83.3068 155.33 -67.3847 76 1290 334.852
85 -81.7676 -82.0214 -83.3068 183.858 -32.9164 48 508 181.352
86 -81.3851 -82.0214 -83.3068 39.8389 -70.0054 47 639 175.052
87 -81.355 -82.0214 -83.3068 74.519 -45.6042 47 791 165.22
88 -81.7079 -82.0214 -83.3068 66.2668 -75.8262 34 550 149.552
89 -79.1029 -79.1029 -83.3068 1398.89 386.315 85 1526 4545
90 -42.537 -79.1029 -83.3068 1299.33 434.817 84 814 382.94
91 -59.0376 -79.1029 -83.3068 1256.75 271.597 98 987 474.452
92 -59.9915 -79.1029 -83.3068 1302.68 490.587 4 893 372.52
93 -48.977 -79.1029 -83.3068 1265.31 215.392 76 1567 546.52
94 -57.9009 -79.1029 -83.3068 1087.57 205.75 75 1084 5224
95 -53.4401 -79.1029 -83.3068 1426.48 730.545 18 990 302.454
96 -66.2787 -79.1029 -83.3068 1354.27 230.668 72 1767 656.952
97 -48.4175 -79.1029 -83.3068 1250.97 341.411 91 961 447.952
98 -80.614 -80.614 -83.3068 1061.26 305.332 53 1320 398.92
99 -70.8799 -80.614 -83.3068 1314.79 388.556 3 949 426.652
100 -55.6887 -80.614 -83.3068 1301.73 326.015 29 1519 472.852
101 -40.6498 -80.614 -83.3068 1307.19 270.955 168 1269 477.32
102 -42.2143 -80.614 -83.3068 1027.26 454.945 6 1422 432.72
103 -63.9266 -80.614 -83.3068 1087.19 148.754 91 861 442.72
104 -72.5534 -80.614 -83.3068 923.147 260.073 30 984 375.052
105 -47.5558 -80.614 -83.3068 1036.02 260.449 16 926 410.82
106 -56.0241 -80.614 -83.3068 1018.76 145.978 81 1008 576.23
107 -49.3964 -80.614 -83.3068 942.002 160.082 169 1218 485.554
108 -54.1678 -80.614 -83.3068 1018.44 178.119 161 981 430.72
109 -69.6386 -80.614 -83.3068 1049.66 233.552 88 949 466.92
110 -55.6583 -80.614 -83.3068 988.097 96.1709 124 963 498.352
111 -67.8736 -80.614 -83.3068 992.829 242.242 20 1295 449.12
112 -80.6139 -80.614 -83.3068 807.719 38.6307 126 1719 627.052
113 -81.1952 -81.1952 -83.3068 799.154 66.9619 227 1601 576.352
114 -81.5023 -81.5023 -83.3068 924.453 72.5418 178 1624 646.752
115 -81.3322 -81.5023 -83.3068 722.922 19.1532 124 987 413.354
116 -81.2457 -81.5023 -83.3068 479.083 -34.0845 89 703 363.12
117 -80.7024 -81.5023 -83.3068 464.239 -22.0873 74 1015 398.952
118 -81.3011 -81.5023 -83.3068 382.016 18.8806 52 627 251.752
119 -81.6035 -81.6035 -83.3068 224.258 -65.3277 44 967 324.352
120 -83.9643 -83.9643 -83.9643 296.559 -62.1245 65 698 289.72
121 -84.4487 -84.4487 -84.4487 105.192 -73.5877 59 622 2042
122 -84.6233 -84.6233 -84.6233 104.609 -75.7373 84 511 222.752
123 -83.3807 -84.6233 -84.6233 113.089 -76.6706 77 469 199.152
124 -84.2653 -84.6233 -84.6233 122.896 -70.38 85 585 216.62
125 -84.3963 -84.6233 -84.6233 64.6919 -75.0364 79 791 204.352
126 -84.0594 -84.6233 -84.6233 67.762 -74.5562 45 929 178.652
127 -84.1964 -84.6233 -84.6233 -26.9741 -80.7899 44 295 130.62
128 -84.3649 -84.6233 -84.6233 -45.8083 -82.0102 50 163 110.62
129 -84.3953 -84.6233 -84.6233 -48.2456 -80.8821 38 332 110.62
130 -84.2846 -84.6233 -84.6233 -9.9458 -75.8786 44 760 136.052
131 -84.5106 -84.6233 -84.6233 -26.5937 -70.9594 40 300 96.92
132 -43.4153 -43.4153 -84.6233 1438.48 588.31 15 1141 362.12
133 -57.2593 -57.2593 -84.6233 1271.17 402.166 6 943 408.152
134 -50.4133 -57.2593 -84.6233 1472.12 459.5 82 1696 450.052
135 -75.4758 -75.4758 -84.6233 1360.42 636.722 5 1446 387.353
136 -88.3847 -88.3847 -88.3847 1342.6 532.614 70 672 322.12
137 -54.6632 -88.3847 -88.3847 1388.94 581.801 46 2265 4343
138 -36.3891 -88.3847 -88.3847 1316.02 398.054 22 990 401.952
139 -61.9635 -88.3847 -88.3847 1043.46 170.087 113 1072 421.652
140 -51.0688 -88.3847 -88.3847 1002.91 227.996 94 1348 4955
141 -57.7635 -88.3847 -88.3847 1186.07 396.77 86 778 371.42
142 -48.0492 -88.3847 -88.3847 1148.54 315.794 42 779 396.452
143 -58.0918 -88.3847 -88.3847 1157.79 198.108 19 1540 575.052
144 -53.3925 -88.3847 -88.3847 1194.66 339.547 44 1176 4752
145 -50.3745 -88.3847 -88.3847 1312.64 497.316 41 866 361.552
146 -59.9181 -88.3847 -88.3847 1093.83 298.022 73 1126 411.63
147 -75.8139 -88.3847 -88.3847 974.475 240.371 158 927 432.752
148 -54.6552 -88.3847 -88.3847 749.814 196.412 120 514 331.752
149 -85.6883 -88.3847 -88.3847 1068.07 190.602 108 818 481.553
150 -70.945 -88.3847 -88.3847 849.894 108.5 103 906 3862
151 -66.2947 -88.3847 -88.3847 926.66 176.391 21 1481 454.752
152 -86.0698 -88.3847 -88.3847 766.264 75.9824 86 1335 453.72
153 -88.1773 -88.3847 -88.3847 631.703 92.323 120 687 361.752
154 -86.6819 -88.3847 -88.3847 808.952 138.916 112 1256 412.652
155 -84.8674 -88.3847 -88.3847 587.154 1.60315 156 1933 565.352
156 -89.2193 -89.2193 -89.2193 511.263 -46.6713 138 1444 458.22
157 -85.4694 -89.2193 -89.2193 542.72 -40.4664 289 755 457.22
158 -89.0284 -89.2193 -89.2193 509.94 194.487 64 828 313.42
159 -89.4079 -89.4079 -89.4079 184.109 -37.7507 77 745 244.052
160 -89.375 -89.4079 -89.4079 303.63 -7.63273 44 719 262.752
161 -88.7488 -89.4079 -89.4079 179.253 -67.7831 42 862 276.32
162 -88.9293 -89.4079 -89.4079 216.143 -11.0834 45 552 218.752
163 -89.3767 -89.4079 -89.4079 30.7671 -79.1694 45 518 174.252
164 -89.0163 -89.4079 -89.4079 167.768 -2.06625 69 491 207.852
165 -89.3812 -89.4079 -89.4079 50.5292 -74.6579 43 883 179.052
166 -89.3959 -89.4079 -89.4079 -1.0808 -44.1024 45 243 91.92
167 -89.4899 -89.4899 -89.4899 -53.4605 -83.9643 42 514 98.552
168 -89.2888 -89.4899 -89.4899 -30.4994 -84.3653 44 216 99.952
169 -89.3822 -89.4899 -89.4899 26.8865 -78.5384 45 769 128.62
170 -73.444 -73.444 -89.4899 1305.17 442.721 112 1055 382.252
171 -51.5528 -73.444 -89.4899 1287.77 260.276 46 1152 555.43
172 -42.239 -73.444 -89.4899 1363.66 429.506 82 997 428.852
173 -59.4628 -73.444 -89.4899 1147.27 132.143 121 1937 619.54
174 -57.455 -73.444 -89.4899 1148.57 300.468 61 1628 498.353
175 -45.2464 -73.444 -89.4899 1350.22 400.413 13 767 375.952
176 -44.8607 -73.444 -89.4899 1402.07 619.486 13 796 311.63
177 -33.1585 -73.444 -89.4899 1276.1 370.07 77 1273 395.552
178 -35.4434 -73.444 -89.4899 1295.91 543.481 4 884 321.82
179 -79.699 -79.699 -89.4899 1168.04 170.835 88 1220 574.754
180 -48.5238 -79.699 -89.4899 1340.46 460.636 5 1647 4842
181 -42.9413 -79.699 -89.4899 1453.91 521.168 5 757 351.752
182 -73.058 -79.699 -89.4899 1291.68 571.188 66 1643 372.72
183 -65.5387 -79.699 -89.4899 1170.81 414.042 5 1278 409.24
184 -46.9142 -79.699 -89.4899 1213.31 257.99 108 1847 524.052
185 -80.9362 -80.9362 -89.4899 1335.84 421.686 71 1567 516.652
186 -51.5135 -80.9362 -89.4899 1232.86 358.133 58 1627 475.352
187 -43.1062 -80.9362 -89.4899 1407.42 357.672 81 823 405.22
188 -62.446 -80.9362 -89.4899 1170.33 385.494 60 1138 427.053
189 -50.3387 -80.9362 -89.4899 990.266 172.987 118 896 443.253
190 -56.3456 -80.9362 -89.4899 1107.89 203.982 22 1245 5504
191 -61.1563 -80.9362 -89.4899 1051.61 148.151 96 1653 544.754
192 -71.1409 -80.9362 -89.4899 948.84 198.745 103 1046 479.52
193 -75.3097 -80.9362 -89.4899 1103.02 338.586 22 1096 440.44
194 -81.1769 -81.1769 -89.4899 921.547 130.692 158 1852 607.852
195 -78.4004 -81.1769 -89.4899 888.009 260.518 17 1176 483.253
196 -80.2394 -81.1769 -89.4899 659.335 16.7725 192 1481 660.52
197 -81.3565 -81.3565 -89.4899 667.478 27.4895 188 1908 514.35
198 -83.397 -83.397 -89.4899 824.748 117.755 83 1613 521.552
199 -83.7447 -83.7447 -89.4899 434.337 -48.1811 101 1281 480.22
200 -82.3218 -83.7447 -89.4899 661.303 119.11 50 1164 405.42
201 -83.4904 -83.7447 -89.4899 473.081 6.31434 120 1017 435.552
202 -81.9735 -83.7447 -89.4899 386.186 -30.7242 110 692 361.42
203 -81.3517 -83.7447 -89.4899 225.437 -48.7742 88 808 315.62
204 -84.0417 -84.0417 -89.4899 377.567 6.40494 83 710 2902
205 -84.4354 -84.4354 -89.4899 352.676 -12.8192 121 752 3182
206 -84.5645 -84.5645 -89.4899 194.726 -9.57778 73 388 211.82
207 -84.0798 -84.5645 -89.4899 -26.8282 -78.7844 71 448 163.42
208 -84.8612 -84.8612 -89.4899 169.348 -74.0772 63 829 233.92
209 -84.5452 -84.8612 -89.4899 -36.3783 -80.2097 42 371 138.152
210 -84.4978 -84.8612 -89.4899 -22.2277 -80.5852 62 375 155.852
211 -84.5622 -84.8612 -89.4899 -52.8785 -81.0903 41 341 1232
212 -84.4135 -84.8612 -89.4899 -2.22408 -78.8395 46 327 124.352
213 -84.6359 -84.8612 -89.4899 12.8352 -41.1256 42 240 110.052
214 -84.6241 -84.8612 -89.4899 94.3209 -43.4067 59 520 130.82
215 -84.9251 -84.9251 -89.4899 -75.6437 -82.7827 42 163 73.652
216 -51.7192 -51.7192 -89.4899 1347.05 473.787 8 984 409.32
217 -56.1414 -56.1414 -89.4899 1422.88 409.37 48 1348 464.53
218 -43.855 -56.1414 -89.4899 1342.23 651.839 29 690 266.63
219 -52.3521 -56.1414 -89.4899 1328.85 364.468 123 1279 434.854
220 -37.391 -56.1414 -89.4899 1415.12 474.812 46 830 406.13
221 -51.7929 -56.1414 -89.4899 1249.98 591.56 4 1283 388.93
222 -44.2678 -56.1414 -89.4899 1205.72 523.363 47 954 355.42
223 -54.0977 -56.1414 -89.4899 1210.4 339.611 36 1339 460.052
224 -73.0607 -73.0607 -89.4899 1294.39 649.792 6 1231 337.32
225 -45.8196 -73.0607 -89.4899 1070.79 303.038 15 1284 474.352
226 -49.1826 -73.0607 -89.4899 1311.28 494.687 50 1039 3793
227 -65.815 -73.0607 -89.4899 1113.39 296.727 106 953 423.852
228 -62.6164 -73.0607 -89.4899 1283.63 325.826 71 1534 412.23
229 -54.0749 -73.0607 -89.4899 1198.48 314.603 57 1136 450.855
230 -53.6648 -73.0607 -89.4899 1177.03 428.343 13 1033 460.552
231 -44.7281 -73.0607 -89.4899 1252.62 288.375 59 1746 496.22
232 -69.6955 -73.0607 -89.4899 993.9 168.747 155 628 373.24
233 -53.9394 -73.0607 -89.4899 1157.46 322.145 33 1002 426.852
234 -70.9851 -73.0607 -89.4899 1190.65 416.338 87 901 354.23
235 -58.1445 -73.0607 -89.4899 852.205 96.1664 162 982 484.052
236 -57.4043 -73.0607 -89.4899 718.373 139.264 102 1124 493.12
237 -63.7258 -73.0607 -89.4899 674.405 138.251 56 726 378.252
238 -71.6385 -73.0607 -89.4899 756.179 136.657 83 1406 462.72
239 -75.6343 -75.6343 -89.4899 669.338 113.667 117 1051 412.952
240 -77.8336 -77.8336 -89.4899 631.8 36.6418 17 847 487.92
241 -73.8202 -77.8336 -89.4899 591.718 17.2658 82 1008 421.12
242 -75.4061 -77.8336 -89.4899 604.434 17.6856 120 630 415.652
243 -74.4045 -77.8336 -89.4899 575.388 39.967 141 865 412.452
244 -74.974 -77.8336 -89.4899 307.92 -27.1589 60 740 323.952
245 -80.9813 -80.9813 -89.4899 151.951 -65.2061 58 473 228.82
246 -83.0246 -83.0246 -89.4899 298.471 -60.5816 29 1005 371.62
247 -83.2175 -83.2175 -89.4899 172.016 -65.9669 71 1292 309.852
248 -82.7319 -83.2175 -89.4899 157.31 -66.9181 59 1312 283.72
249 -82.9082 -83.2175 -89.4899 107.673 -35.8322 31 658 182.52
250 -83.1527 -83.2175 -89.4899 227.281 -19.2384 31 631 213.42
251 -82.9317 -83.2175 -89.4899 36.2266 -75.491 27 797 141.92
252 -83.2816 -83.2816 -89.4899 20.2979 -77.103 30 335 135.352
253 -82.9561 -83.2816 -89.4899 28.7195 -71.1561 42 478 156.452
254 -82.9936 -83.2816 -89.4899 -9.54786 -78.4288 26 193 99.152
255 -83.0557 -83.2816 -89.4899 -13.5508 -77.5667 37 386 114.052
256 -82.782 -83.2816 -89.4899 23.1683 -35.2306 31 272 74.62
257 -83.326 -83.326 -89.4899 -50.8247 -79.5306 30 362 92.82
258 -55.0514 -55.0514 -89.4899 1357.84 641.118 16 965 301.35
259 -47.5667 -55.0514 -89.4899 1211.81 381.323 106 1532 520.43
260 -43.1211 -55.0514 -89.4899 1131.14 181.935 83 1064 487.93
261 -46.0265 -55.0514 -89.4899 1374.46 465.602 124 1223 531.452
262 -41.1847 -55.0514 -89.4899 1364.23 498.304 8 1393 480.43
263 -56.2632 -56.2632 -89.4899 1307.36 602.469 56 798 290.92
264 -47.7378 -56.2632 -89.4899 1323.45 491.986 28 799 354.32
265 -39.4578 -56.2632 -89.4899 1405.54 569.402 41 832 365.12
266 -54.8465 -56.2632 -89.4899 1413.31 391.963 19 1103 466.052
267 -54.2451 -56.2632 -89.4899 1144.29 401.65 6 1711 4442
268 -40.6332 -56.2632 -89.4899 1356.64 511.417 8 1158 438.92
269 -83.6824 -83.6824 -89.4899 961.164 261.343 176 981 506.952
270 -73.2453 -83.6824 -89.4899 1336.91 481.457 16 1155 446.152
271 -43.2719 -83.6824 -89.4899 1274.58 592.631 7 742 308.22
272 -63.2711 -83.6824 -89.4899 1112.36 132.358 118 1490 596.052
273 -45.1561 -83.6824 -89.4899 1256.65 230.007 41 1166 5113
274 -83.6958 -83.6958 -89.4899 993.994 150.873 92 836 4522
275 -64.0526 -83.6958 -89.4899 1066.94 311.926 24 1621 425.42
276 -47.8873 -83.6958 -89.4899 1082.62 245.068 8 836 423.353
277 -80.2419 -83.6958 -89.4899 907.05 165.552 99 1081 498.552
278 -96.9984 -96.9984 -96.9984 948.201 131.421 35 1274 601.73
279 -61.0297 -96.9984 -96.9984 961.366 149.658 162 1085 539.42
280 -94.7852 -96.9984 -96.9984 719.898 1.90812 148 1062 5883
281 -88.1954 -96.9984 -96.9984 785.103 38.4002 141 1565 558.055
282 -78.9149 -96.9984 -96.9984 609.212 6.58999 245 1199 553.653
283 -79.2145 -96.9984 -96.9984 856.018 119.719 180 788 435.32
284 -97.0282 -97.0282 -97.0282 503.584 21.7175 128 795 363.654
285 -97.1049 -97.1049 -97.1049 573.198 74.4688 83 770 323.22
286 -94.9428 -97.1049 -97.1049 466.563 -56.7682 127 860 372.72
