0 -28.7757 -28.7757 -28.7757 1865.58 157.521 230 4489 16643
1 -30.0759 -30.0759 -30.0759 1343.18 434.399 261 5000 1791.82
2 -33.9605 -33.9605 -33.9605 1384.77 2.04088 295 3563 1757.72
3 -48.7544 -48.7544 -48.7544 2030.45 382.017 303 5000 2124.953
4 -18.0742 -48.7544 -48.7544 1385.29 -16.9808 401 3684 1867.151
5 -17.9226 -48.7544 -48.7544 1844.09 623.417 123 5000 2160.21
6 -18.0868 -48.7544 -48.7544 1874.07 424.688 113 4246 1730.31
7 -36.9116 -48.7544 -48.7544 1607.29 72.8868 319 5000 1909.42
8 -18.0753 -48.7544 -48.7544 1795.02 533.81 210 3536 1580.21
9 -40.9925 -48.7544 -48.7544 1611.74 589.454 262 3609 1552.852
10 -31.6173 -48.7544 -48.7544 1764.25 540.253 262 4178 1768.73
11 -37.0893 -48.7544 -48.7544 940.982 -17.1335 124 4454 1928.22
12 -18.0903 -48.7544 -48.7544 1411.33 -17.2953 14 4032 15741
13 -29.3124 -48.7544 -48.7544 1230.1 148.736 335 5000 1891.153
14 -18.0854 -48.7544 -48.7544 1328.91 216.109 209 3360 1881.51
15 -37.15 -48.7544 -48.7544 1680.03 683.478 189 4161 1599.16
16 -42.0936 -48.7544 -48.7544 846.941 -7.97855 11 5000 1698.52
17 -43.0177 -48.7544 -48.7544 1086.03 383.616 116 4022 1726.73
18 -28.0439 -48.7544 -48.7544 1676.52 -17.0493 10 3879 1474.652
19 -18.0648 -48.7544 -48.7544 1691.68 326.538 112 5000 1560.451
20 -18.0618 -48.7544 -48.7544 1332.4 -17.1158 13 3428 1401.91
21 -26.285 -48.7544 -48.7544 1174.88 -17.751 13 3777 1393.34
22 -18.0833 -48.7544 -48.7544 525.458 -12.3527 10 3263 1178.751
23 -30.2935 -48.7544 -48.7544 1081.56 320.154 11 3135 982.12
24 -32.3412 -48.7544 -48.7544 582.851 -17.9984 14 3262 1319.753
25 -44.5127 -48.7544 -48.7544 632.46 125.644 13 2883 931.454
26 -37.4974 -48.7544 -48.7544 406.393 -18.6693 12 3284 1042.93
27 -46.8766 -48.7544 -48.7544 606.375 293.233 14 4726 832.852
28 -59.3517 -59.3517 -59.3517 146.264 -23.4618 10 2727 848.84
29 -37.3231 -59.3517 -59.3517 111.492 6.83278 10 5000 1170.41
30 -49.3853 -59.3517 -59.3517 660.131 -22.404 14 5000 1543.22
31 -57.5055 -59.3517 -59.3517 461.163 -27.2391 13 5000 1331.23
32 -50.6097 -59.3517 -59.3517 157.645 25.3383 11 4482 1215.43
33 -52.948 -59.3517 -59.3517 224.566 -7.26332 6 4183 14464
34 -56.8234 -59.3517 -59.3517 93.5971 -30.8364 6 2357 1183.33
35 -59.7891 -59.7891 -59.7891 222.499 0.491395 14 5000 1958.44
36 -60.4442 -60.4442 -60.4442 53.688 -33.5812 14 3376 1118.52
37 -61.6295 -61.6295 -61.6295 161.198 -32.1515 16 5000 1670.053
38 -62.4471 -62.4471 -62.4471 47.2581 -39.1191 15 2820 1218.63
39 -61.5908 -62.4471 -62.4471 46.7832 -41.8447 30 2365 1089.551
40 -62.053 -62.4471 -62.4471 40.6258 -45.6833 13 2019 745.752
41 -62.4041 -62.4471 -62.4471 37.4344 -41.6976 18 5000 1304.52
42 -61.9315 -62.4471 -62.4471 11.6578 -49.0015 16 2009 691.52
43 -62.2792 -62.4471 -62.4471 -4.73239 -36.8997 18 2462 562.72
44 -62.3066 -62.4471 -62.4471 9.27587 -54.5344 14 1662 664.952
45 -62.2055 -62.4471 -62.4471 -3.50361 -53.8146 40 1951 484.42
46 -62.4553 -62.4553 -62.4553 -17.3722 -43.1824 37 1785 373.952
47 -62.1533 -62.4553 -62.4553 -47.5756 -60.0374 36 983 289.11
48 -62.3293 -62.4553 -62.4553 -44.1078 -58.7355 14 2051 470.751
49 -38.2053 -38.2053 -62.4553 1875.29 -3.12562 401 3655 2019.953
50 -18.0961 -38.2053 -62.4553 1683.96 299.37 328 5000 1854.351
51 -43.6435 -43.6435 -62.4553 1972.37 -6.06861 651 5000 2214.152
52 -18.0806 -43.6435 -62.4553 945.384 -6.98696 247 3841 1725.51
53 -18.0296 -43.6435 -62.4553 2368.28 443.322 268 4076 2137.752
54 -18.0385 -43.6435 -62.4553 1229.45 -16.6596 457 5000 1837.251
55 -31.2117 -43.6435 -62.4553 1154.61 155.741 258 3796 1530.43
56 -35.7414 -43.6435 -62.4553 1475.82 -4.59785 691 4422 2366.23
57 -31.1536 -43.6435 -62.4553 1758.07 283.243 342 5000 2104.82
58 -39.0596 -43.6435 -62.4553 893.011 -18.0614 308 4299 2017.12
59 -41.2875 -43.6435 -62.4553 1724.68 122.333 286 4583 1961.653
60 -61.4823 -61.4823 -62.4553 2174.28 395.197 211 4263 2263.23
61 -18.0591 -61.4823 -62.4553 1792.91 387.119 8 3359 17861
62 -41.0198 -61.4823 -62.4553 1047.54 -17.5232 320 3470 1744.13
63 -42.9289 -61.4823 -62.4553 810.311 156.365 9 3824 1402.33
64 -22.1871 -61.4823 -62.4553 789.791 -16.3503 302 4225 1501.74
65 -18.0869 -61.4823 -62.4553 2527.57 1211.93 114 4646 1557.151
66 -35.6235 -61.4823 -62.4553 1076.34 298.332 14 5000 1575.252
67 -37.4485 -61.4823 -62.4553 1166.47 -18.7436 10 4179 17282
68 -49.5345 -61.4823 -62.4553 1259.27 158.458 272 3243 1658.72
69 -39.3206 -61.4823 -62.4553 470.44 -10.4932 16 3094 1115.94
70 -28.252 -61.4823 -62.4553 646.505 305.659 12 2104 755.152
71 -18.0938 -61.4823 -62.4553 718.529 -8.86901 11 2790 11841
72 -24.8136 -61.4823 -62.4553 583.711 3.35222 9 5000 1446.054
73 -49.5174 -61.4823 -62.4553 988.445 529.297 11 2548 812.252
74 -36.3632 -61.4823 -62.4553 340.671 -18.9548 7 5000 1423.752
75 -52.4178 -61.4823 -62.4553 432.57 -15.2707 11 3416 1196.95
76 -51.4132 -61.4823 -62.4553 238.116 -5.43172 7 2622 993.554
77 -54.8208 -61.4823 -62.4553 405.363 -9.17122 13 5000 1015.26
78 -61.6359 -61.6359 -62.4553 -0.183129 -24.3773 11 4384 648.053
79 -54.165 -61.6359 -62.4553 204.856 22.9748 11 4878 1340.92
80 -62.2899 -62.2899 -62.4553 153.077 -17.9397 12 5000 1344.75
81 -52.9168 -62.2899 -62.4553 336.432 205.535 6 3111 885.752
82 -65.6811 -65.6811 -65.6811 249.184 7.92878 7 3959 1077.952
83 -60.1498 -65.6811 -65.6811 152.792 19.1451 12 5000 1229.252
84 -63.8735 -65.6811 -65.6811 53.5739 -39.2408 11 5000 1123.952
85 -64.4075 -65.6811 -65.6811 20.2086 -41.0896 11 2169 739.052
86 -67.5054 -67.5054 -67.5054 78.7788 -32.7854 12 3888 907.45
87 -67.0441 -67.5054 -67.5054 -14.3005 -55.847 11 2096 653.152
88 -67.1893 -67.5054 -67.5054 2.63001 -51.21 14 1405 541.72
89 -67.1264 -67.5054 -67.5054 20.3511 -56.8731 36 2781 746.32
90 -67.6176 -67.6176 -67.6176 -4.96813 -58.8669 12 4769 571.52
91 -67.2995 -67.6176 -67.6176 -34.3301 -63.1444 31 1397 413.62
92 -67.5608 -67.6176 -67.6176 -23.8877 -61.392 32 2130 403.851
93 -67.6057 -67.6176 -67.6176 -40.4538 -60.2603 30 516 176.92
94 -67.1884 -67.6176 -67.6176 -57.5929 -66.0284 29 391 124.21
95 -67.5426 -67.6176 -67.6176 -39.6741 -58.1893 15 1253 196.42
96 -68.0495 -68.0495 -68.0495 3.25668 -55.5662 13 5000 488.152
97 -67.5283 -68.0495 -68.0495 -57.2622 -66.017 27 776 1661
98 -35.7616 -35.7616 -68.0495 417.652 -9.11901 15 4389 1439.4510
99 -33.4031 -35.7616 -68.0495 1804.85 296.465 352 4509 2040.64
100 -36.2608 -36.2608 -68.0495 1785.53 151.96 297 3437 21882
101 -35.9727 -36.2608 -68.0495 1628.22 207.02 250 3862 1727.153
102 -31.8965 -36.2608 -68.0495 1263.15 -16.9502 467 5000 2132.553
103 -30.3458 -36.2608 -68.0495 843.775 -15.6254 401 3253 17533
104 -39.5862 -39.5862 -68.0495 2459.08 759.06 8 3512 1938.154
105 -22.1884 -39.5862 -68.0495 1113.61 -10.2832 611 5000 2255.42
106 -18.0461 -39.5862 -68.0495 1540.95 179.413 284 3424 1680.751
107 -43.3217 -43.3217 -68.0495 420.434 -8.62868 9 3888 1709.12
108 -18.0401 -43.3217 -68.0495 1457.92 269.117 13 3030 14681
109 -33.2759 -43.3217 -68.0495 1085.39 215.767 273 4682 1742.452
110 -23.1063 -43.3217 -68.0495 1731.55 1.43331 290 5000 1767.952
111 -18.047 -43.3217 -68.0495 742.593 185.462 7 2504 1170.951
112 -31.4898 -43.3217 -68.0495 1173.28 531.21 272 3867 1538.32
113 -18.0782 -43.3217 -68.0495 1273.68 175.823 18 3815 1693.751
114 -26.7476 -43.3217 -68.0495 1886.35 178.612 298 5000 2142.454
115 -18.0678 -43.3217 -68.0495 822.436 265.704 167 3322 1556.71
116 -30.7295 -43.3217 -68.0495 1522.94 860.374 18 3335 993.13
117 -18.0457 -43.3217 -68.0495 1185.01 110.718 9 5000 1650.151
118 -37.0222 -43.3217 -68.0495 1052.24 -17.9824 13 3534 1442.12
119 -18.0467 -43.3217 -68.0495 1255.95 181.933 13 3282 1144.81
120 -39.4362 -43.3217 -68.0495 1727.82 833.822 6 3275 1218.653
121 -39.2784 -43.3217 -68.0495 482.854 48.9525 10 2925 956.053
122 -33.4616 -43.3217 -68.0495 788.164 -19.7772 12 5000 1356.852
123 -23.6877 -43.3217 -68.0495 1145.2 405.382 12 2786 840.553
124 -34.6825 -43.3217 -68.0495 287.471 -20.187 14 5000 879.72
125 -42.7852 -43.3217 -68.0495 1179.12 138.513 13 5000 1795.952
126 -44.1117 -44.1117 -68.0495 940.298 468.887 13 5000 1200.153
127 -44.1409 -44.1409 -68.0495 266.127 -20.4561 13 2354 794.652
128 -43.6 -44.1409 -68.0495 81.1134 -26.7963 12 2796 947.93
129 -51.7735 -51.7735 -68.0495 119.535 -26.0925 13 5000 1171.752
130 -64.4955 -64.4955 -68.0495 233.856 -27.0794 6 5000 1387.78
131 -55.9396 -64.4955 -68.0495 116.275 -21.3378 14 4996 880.32
132 -62.9347 -64.4955 -68.0495 296.185 145.801 13 4525 1181.754
133 -62.4013 -64.4955 -68.0495 66.0474 -36.194 12 2018 922.32
134 -62.4244 -64.4955 -68.0495 154.956 -2.06596 13 2417 907.752
135 -64.5332 -64.5332 -68.0495 47.2804 -33.7406 12 5000 936.852
136 -64.2581 -64.5332 -68.0495 38.6921 -23.8798 13 3430 891.555
137 -63.1378 -64.5332 -68.0495 39.9329 -40.74 31 2703 9671
138 -62.8781 -64.5332 -68.0495 24.2359 -30.1476 13 2299 747.52
139 -64.7975 -64.7975 -68.0495 -31.9442 -53.7167 30 1223 460.853
140 -63.1882 -64.7975 -68.0495 -36.4889 -54.5245 15 1134 278.72
141 -64.4074 -64.7975 -68.0495 -31.479 -57.058 13 1864 379.11
142 -63.9714 -64.7975 -68.0495 -45.6045 -58.6432 29 1111 324.252
143 -64.8724 -64.8724 -68.0495 0.971578 -47.7468 28 2045 481.853
144 -64.8995 -64.8995 -68.0495 -44.175 -58.5764 21 829 274.83
145 -64.7316 -64.8995 -68.0495 -19.5443 -39.4534 14 1426 298.753
146 -64.4969 -64.8995 -68.0495 -35.9945 -57.578 28 966 276.553
147 -65.2706 -65.2706 -68.0495 -21.8402 -40.7465 26 1038 243.352
148 -65.0859 -65.2706 -68.0495 -55.9302 -60.5948 29 583 118.72
149 -64.3527 -65.2706 -68.0495 -53.3211 -61.8907 27 1009 208.32
150 -64.5111 -65.2706 -68.0495 -60.3349 -62.663 31 840 217.52
151 -64.2528 -65.2706 -68.0495 -30.4949 -60.6299 28 2438 273.352
152 -64.9197 -65.2706 -68.0495 -60.3412 -62.5224 26 678 169.11
153 -64.7612 -65.2706 -68.0495 -59.8829 -62.2709 25 960 188.452
154 -64.8877 -65.2706 -68.0495 -59.2059 -62.0123 29 734 183.12
155 -31.4172 -31.4172 -68.0495 701.656 222.178 258 5000 1516.257
156 -29.7469 -31.4172 -68.0495 2529.83 364.354 260 3141 2101.655
157 -23.2601 -31.4172 -68.0495 1935.9 -17.0687 599 4348 2357.51
158 -42.0061 -42.0061 -68.0495 2275.11 142.243 293 4233 2028.33
159 -18.075 -42.0061 -68.0495 1168.31 376.272 258 5000 1441.151
160 -27.114 -42.0061 -68.0495 1932.49 1024.65 12 4910 1395.33
161 -17.9851 -42.0061 -68.0495 1339.31 427.594 6 4529 1550.71
162 -24.6951 -42.0061 -68.0495 1194.93 255.801 186 5000 1851.052
163 -29.4993 -42.0061 -68.0495 1353.77 -17.1438 640 4059 1948.751
164 -28.4095 -42.0061 -68.0495 1283.62 -16.8588 468 5000 1699.43
165 -18.0113 -42.0061 -68.0495 2283.72 129.177 350 5000 2187.11
166 -18.0924 -42.0061 -68.0495 663.949 189.505 15 5000 1838.651
167 -37.9594 -42.0061 -68.0495 1381.06 101.723 13 5000 1953.254
168 -25.6927 -42.0061 -68.0495 1463.22 500.651 191 3642 1786.62
169 -33.784 -42.0061 -68.0495 1158.82 -16.9332 325 2958 1539.855
170 -32.1769 -42.0061 -68.0495 1373.85 735.28 263 5000 1583.052
171 -24.9981 -42.0061 -68.0495 1438.97 636.211 5 3328 1224.13
172 -18.0749 -42.0061 -68.0495 1787.1 281.451 13 4460 1906.11
173 -18.0556 -42.0061 -68.0495 1063.43 -14.6305 13 3277 1382.851
174 -38.0243 -42.0061 -68.0495 1649.34 350.599 15 3928 1240.652
175 -34.4888 -42.0061 -68.0495 1349.47 481.022 14 3564 1315.453
176 -18.0883 -42.0061 -68.0495 1124.47 -7.01745 14 3482 1056.051
177 -44.15 -44.15 -68.0495 668.444 301.973 13 3912 1099.56
178 -18.0876 -44.15 -68.0495 1679.74 540.191 12 4473 1266.151
179 -40.3494 -44.15 -68.0495 1180.67 376.072 12 3603 1183.352
180 -32.1227 -44.15 -68.0495 1035.32 -18.4561 11 3916 1310.455
181 -38.3674 -44.15 -68.0495 243.065 -4.21845 10 2455 633.554
182 -51.2389 -51.2389 -68.0495 1765.72 629.086 12 4541 1071.29
183 -39.014 -51.2389 -68.0495 318.631 3.68928 18 2963 1072.552
184 -41.4643 -51.2389 -68.0495 610.675 0.592391 9 5000 1148.855
185 -48.2741 -51.2389 -68.0495 527.47 5.58269 10 3156 1020.354
186 -50.2705 -51.2389 -68.0495 22.5512 -23.66 12 3358 747.33
187 -54.7344 -54.7344 -68.0495 171.164 0.37492 9 2840 940.553
188 -55.2792 -55.2792 -68.0495 255.09 8.17735 11 5000 16654
189 -49.0029 -55.2792 -68.0495 178.115 17.5254 5 5000 1290.24
190 -56.0865 -56.0865 -68.0495 137.23 8.53489 13 5000 1291.5510
191 -56.5066 -56.5066 -68.0495 123.243 -11.5443 11 3315 1151.72
192 -52.3817 -56.5066 -68.0495 262.453 10.1261 229 4261 1834.83
193 -56.1761 -56.5066 -68.0495 207.16 -12.3976 10 5000 1498.12
194 -56.472 -56.5066 -68.0495 238.808 -27.5044 603 5000 2118.52
195 -56.246 -56.5066 -68.0495 119.534 -10.3381 11 5000 1112.452
