0 -57.9084 -57.9084 -57.9084 520.69 15.6649 192 771 322.52
1 -53.6706 -57.9084 -57.9084 615.594 115.003 118 570 274.72
2 -46.712 -57.9084 -57.9084 582.75 70.1463 172 752 333.152
3 -62.6805 -62.6805 -62.6805 643.259 115.162 104 808 292.54
4 -37.2687 -62.6805 -62.6805 486.182 79.3353 73 694 285.82
5 -62.2055 -62.6805 -62.6805 495.556 40.9217 149 663 3322
6 -42.6237 -62.6805 -62.6805 427.416 67.8159 11 508 277.652
7 -56.1402 -62.6805 -62.6805 441.412 79.3451 123 413 266.752
8 -58.5567 -62.6805 -62.6805 515.563 95.3519 116 579 270.32
9 -54.8186 -62.6805 -62.6805 636.815 112.965 151 499 285.42
10 -47.0945 -62.6805 -62.6805 508.61 59.0166 131 419 290.652
11 -54.2932 -62.6805 -62.6805 520.699 29.9535 119 551 326.73
12 -63.7106 -63.7106 -63.7106 586.365 61.5215 96 1014 360.852
13 -49.4812 -63.7106 -63.7106 432.263 34.2437 91 648 295.752
14 -42.1943 -63.7106 -63.7106 557.716 49.7092 118 613 355.52
15 -54.3409 -63.7106 -63.7106 573.012 47.626 102 875 361.32
16 -53.5394 -63.7106 -63.7106 320.651 -1.43682 143 678 280.152
17 -53.2429 -63.7106 -63.7106 456.184 26.3536 120 373 250.752
18 -57.1704 -63.7106 -63.7106 423.849 57.854 75 533 294.252
19 -53.7524 -63.7106 -63.7106 421.978 2.34612 165 665 332.552
20 -55.3255 -63.7106 -63.7106 326.659 9.8138 24 468 241.72
21 -54.7503 -63.7106 -63.7106 366.509 26.6076 89 547 252.252
22 -56.8597 -63.7106 -63.7106 441.421 29.3699 140 941 313.652
23 -56.9413 -63.7106 -63.7106 252.95 -12.7911 83 699 265.455
24 -57.3432 -63.7106 -63.7106 190.282 -14.8142 61 635 225.552
25 -63.6818 -63.7106 -63.7106 120.883 -41.2096 65 698 201.452
26 -62.827 -63.7106 -63.7106 185.16 -16.2812 78 409 215.62
27 -63.7365 -63.7365 -63.7365 229.675 -8.0073 50 1114 285.552
28 -60.888 -63.7365 -63.7365 119.226 -29.9903 92 408 188.452
29 -63.4491 -63.7365 -63.7365 161.941 -28.183 129 677 227.252
30 -63.7377 -63.7377 -63.7377 114.756 -47.7493 87 431 209.152
31 -63.5727 -63.7377 -63.7377 120.479 -37.4321 55 316 184.92
32 -63.6966 -63.7377 -63.7377 22.3711 -53.8286 39 561 141.552
33 -61.9823 -63.7377 -63.7377 136.175 -9.58761 45 483 193.42
34 -63.7516 -63.7516 -63.7516 26.2522 -52.6 37 530 144.752
35 -63.6619 -63.7516 -63.7516 32.6129 -39.5606 37 286 141.52
36 -63.7734 -63.7734 -63.7734 5.7253 -56.9773 37 339 118.752
37 -63.7798 -63.7798 -63.7798 -20.0165 -59.1171 41 208 86.92
38 -63.764 -63.7798 -63.7798 -43.6305 -60.0801 39 317 78.92
39 -63.7593 -63.7798 -63.7798 -51.5735 -61.2623 40 192 67.052
40 -63.7149 -63.7798 -63.7798 32.0766 -44.8739 39 712 129.152
41 -63.6891 -63.7798 -63.7798 -49.2174 -60.8994 37 208 63.952
42 -63.6628 -63.7798 -63.7798 -39.5491 -60.0425 36 205 66.72
43 -63.7138 -63.7798 -63.7798 19.0335 -46.9706 39 514 108.352
44 -63.6533 -63.7798 -63.7798 -46.6105 -61.4803 40 229 64.452
45 -63.7592 -63.7798 -63.7798 -61.0315 -62.4976 38 62 45.352
46 -45.8493 -45.8493 -63.7798 448.729 84.8957 83 409 231.452
47 -55.0877 -55.0877 -63.7798 643.435 79.965 151 852 342.052
48 -57.0044 -57.0044 -63.7798 649.935 110.138 122 1225 365.42
49 -48.1379 -57.0044 -63.7798 532.468 82.7505 70 587 301.852
50 -42.6921 -57.0044 -63.7798 580.93 85.5176 63 1431 394.52
51 -47.8491 -57.0044 -63.7798 524.583 90.5246 70 621 312.82
52 -54.2505 -57.0044 -63.7798 564.85 170.95 18 666 244.252
53 -47.5503 -57.0044 -63.7798 541.217 106.241 57 544 263.152
54 -53.8658 -57.0044 -63.7798 539.237 84.2376 49 370 263.353
55 -39.5442 -57.0044 -63.7798 519.054 57.739 151 446 267.63
56 -56.079 -57.0044 -63.7798 551.985 31.1687 133 630 335.752
57 -44.0293 -57.0044 -63.7798 591.173 101.353 147 641 283.052
58 -45.9195 -57.0044 -63.7798 396.358 50.0941 125 392 248.352
59 -54.6029 -57.0044 -63.7798 520.23 108.73 76 548 277.152
60 -57.2455 -57.2455 -63.7798 448.797 54.9981 142 438 262.33
61 -58.7069 -58.7069 -63.7798 393.767 47.5717 69 521 261.42
62 -56.4166 -58.7069 -63.7798 342.591 15.9945 98 625 310.452
63 -52.9846 -58.7069 -63.7798 386.778 49.3 120 696 297.353
64 -62.3158 -62.3158 -63.7798 374.859 33.1742 125 994 314.72
65 -62.5468 -62.5468 -63.7798 272.376 -24.7453 132 476 222.12
66 -61.9228 -62.5468 -63.7798 302.396 20.6744 46 587 255.63
67 -56.6818 -62.5468 -63.7798 268.043 13.574 33 661 251.72
68 -58.2703 -62.5468 -63.7798 181.449 -4.59857 123 373 230.452
69 -58.0672 -62.5468 -63.7798 177.922 -15.1012 98 468 232.252
70 -58.8549 -62.5468 -63.7798 190.104 -0.339332 55 628 191.12
71 -62.2129 -62.5468 -63.7798 77.7825 -39.9577 39 296 164.24
72 -63.7259 -63.7259 -63.7798 149.725 -43.144 74 770 262.52
73 -63.6616 -63.7259 -63.7798 70.3397 -49.8044 59 479 169.12
74 -62.1241 -63.7259 -63.7798 105.534 -49.4696 72 546 213.652
75 -62.0689 -63.7259 -63.7798 40.9777 -38.2071 86 283 160.12
76 -63.7027 -63.7259 -63.7798 -4.99152 -56.6908 32 234 128.752
77 -63.7341 -63.7341 -63.7798 39.5472 -54.0882 47 256 138.852
78 -63.7487 -63.7487 -63.7798 28.775 -56.4637 37 279 1282
79 -63.7386 -63.7487 -63.7798 43.0479 -27.7869 34 512 140.42
80 -63.749 -63.749 -63.7798 16.1976 -46.3458 34 251 114.62
81 -63.7339 -63.749 -63.7798 -14.2881 -58.1573 31 297 107.652
82 -63.7551 -63.7551 -63.7798 -10.1375 -47.5052 30 277 98.62
83 -63.6717 -63.7551 -63.7798 -42.7624 -60.0956 30 212 68.252
84 -63.5563 -63.7551 -63.7798 -4.5927 -43.0922 31 241 94.42
85 -63.7583 -63.7583 -63.7798 -50.856 -59.9266 27 121 50.552
86 -63.7675 -63.7675 -63.7798 24.8708 -40.4849 31 454 99.32
87 -63.7571 -63.7675 -63.7798 -51.0577 -62.3849 33 136 51.252
88 -49.922 -49.922 -63.7798 679.281 165.317 27 651 291.352
89 -58.3654 -58.3654 -63.7798 484.096 97.3389 110 352 231.82
90 -52.2942 -58.3654 -63.7798 606.432 74.9019 43 481 3012
91 -43.7687 -58.3654 -63.7798 475.938 50.9588 72 611 285.42
92 -59.0767 -59.0767 -63.7798 593.433 87.8448 110 632 313.72
93 -51.4292 -59.0767 -63.7798 546.025 37.7153 153 650 339.652
94 -39.1158 -59.0767 -63.7798 510.685 63.8048 99 795 314.24
95 -51.1248 -59.0767 -63.7798 614.502 165.272 81 561 264.952
96 -55.0593 -59.0767 -63.7798 602.796 160.091 76 630 281.552
97 -40.3716 -59.0767 -63.7798 600.763 157.899 147 1421 370.652
98 -54.0446 -59.0767 -63.7798 511.453 83.9203 83 685 318.62
99 -61.9603 -61.9603 -63.7798 520.843 66.2324 98 491 287.22
100 -48.9437 -61.9603 -63.7798 472.739 125.782 9 570 251.752
101 -51.791 -61.9603 -63.7798 457.394 94.4353 120 556 253.952
102 -57.2534 -61.9603 -63.7798 472.508 21.38 114 604 308.22
103 -55.4568 -61.9603 -63.7798 546.329 73.7049 39 623 297.252
104 -58.8239 -61.9603 -63.7798 440.938 18.6958 102 1006 336.852
105 -58.4612 -61.9603 -63.7798 318.052 3.76163 25 489 289.852
106 -60.7046 -61.9603 -63.7798 354.343 4.88994 73 622 265.82
107 -61.0463 -61.9603 -63.7798 301.712 -11.053 138 975 347.052
108 -63.606 -63.606 -63.7798 274.805 10.2334 53 568 249.754
109 -60.5526 -63.606 -63.7798 269.846 -27.4504 62 633 266.22
110 -60.555 -63.606 -63.7798 291.161 -12.4451 141 567 2652
111 -63.5204 -63.606 -63.7798 160.932 -27.8914 43 625 237.52
112 -60.6349 -63.606 -63.7798 176.89 -11.0831 52 910 2242
113 -63.5323 -63.606 -63.7798 179.405 -22.4049 36 406 196.22
114 -63.5615 -63.606 -63.7798 76.8567 -51.1263 31 286 154.32
115 -63.6925 -63.6925 -63.7798 103.446 -20.5706 27 264 140.552
116 -63.4916 -63.6925 -63.7798 -14.6804 -56.6207 28 347 90.252
117 -63.6817 -63.6925 -63.7798 117.572 -17.2887 29 812 136.852
118 -63.6159 -63.6925 -63.7798 -8.61952 -57.2642 28 282 96.22
119 -63.6881 -63.6925 -63.7798 66.2668 -52.7181 31 312 111.22
120 -63.5357 -63.6925 -63.7798 2.87121 -56.814 29 287 92.92
121 -63.7428 -63.7428 -63.7798 -39.7974 -61.3801 25 147 66.61
122 -63.7525 -63.7525 -63.7798 -49.4446 -61.4422 29 453 66.22
123 -63.6945 -63.7525 -63.7798 -52.1236 -61.3817 30 191 60.72
124 -63.7129 -63.7525 -63.7798 -60.0162 -61.9577 26 110 42.852
125 -53.6955 -53.6955 -63.7798 560.385 7.12499 78 1080 340.52
126 -51.8582 -53.6955 -63.7798 619.164 63.6432 182 810 371.754
127 -36.808 -53.6955 -63.7798 581.993 94.996 112 1038 338.452
128 -54.1567 -54.1567 -63.7798 577.032 69.7816 124 407 278.953
129 -53.2981 -54.1567 -63.7798 488.855 19.4203 55 713 357.32
130 -50.895 -54.1567 -63.7798 479.097 65.5298 74 728 336.151
131 -60.0852 -60.0852 -63.7798 576.68 82.5305 165 886 350.052
132 -53.7922 -60.0852 -63.7798 576.059 127.873 112 710 300.252
133 -53.495 -60.0852 -63.7798 596.964 67.2329 193 678 314.752
134 -53.6595 -60.0852 -63.7798 593.781 84.7591 74 475 271.22
135 -40.2862 -60.0852 -63.7798 567.908 93.3688 50 698 281.32
136 -48.9867 -60.0852 -63.7798 525.79 41.7671 124 733 379.752
137 -58.6078 -60.0852 -63.7798 452.318 54.9508 130 707 248.72
138 -58.8193 -60.0852 -63.7798 424.197 74.7064 98 719 277.92
139 -53.8791 -60.0852 -63.7798 489.17 74.6037 72 451 236.052
140 -56.0284 -60.0852 -63.7798 462.537 33.7374 64 587 328.752
141 -52.6663 -60.0852 -63.7798 534.024 50.4028 110 653 315.13
142 -54.4956 -60.0852 -63.7798 285.663 23.7522 15 590 224.42
143 -51.7704 -60.0852 -63.7798 315.555 23.7584 53 696 303.053
144 -62.2554 -62.2554 -63.7798 303.763 4.52298 117 940 276.62
145 -63.0861 -63.0861 -63.7798 210.189 -9.1627 103 530 266.12
146 -56.4615 -63.0861 -63.7798 270.28 25.1589 65 394 220.152
147 -61.8698 -63.0861 -63.7798 181.957 -33.2019 125 404 227.252
148 -63.7393 -63.7393 -63.7798 171.776 -49.2406 35 415 216.852
149 -63.6103 -63.7393 -63.7798 222.908 -28.513 123 689 259.32
150 -62.8842 -63.7393 -63.7798 115.002 -46.193 104 397 208.42
151 -63.5806 -63.7393 -63.7798 70.6712 -48.0421 38 587 1902
152 -63.6073 -63.7393 -63.7798 206.65 4.93692 49 527 213.552
153 -63.5146 -63.7393 -63.7798 30.6298 -56.3983 36 285 150.752
154 -63.6596 -63.7393 -63.7798 80.2586 -13.6746 35 454 139.252
155 -63.7407 -63.7407 -63.7798 6.05597 -49.3125 39 390 130.652
156 -63.7573 -63.7573 -63.7798 77.5136 -32.8913 37 352 127.42
157 -63.5602 -63.7573 -63.7798 18.8547 -45.176 38 268 118.82
158 -63.5985 -63.7573 -63.7798 -29.9092 -58.9754 29 333 83.32
159 -63.7593 -63.7593 -63.7798 -28.9325 -59.3692 36 189 75.652
160 -49.7093 -49.7093 -63.7798 510.208 55.9724 134 931 344.852
161 -54.9489 -54.9489 -63.7798 515.247 70.052 151 390 272.252
162 -56.6395 -56.6395 -63.7798 599.745 50.5576 174 861 365.42
163 -53.2263 -56.6395 -63.7798 538.384 66.0602 5 626 331.052
164 -60.7548 -60.7548 -63.7798 640.106 61.5866 39 557 254.552
165 -51.6589 -60.7548 -63.7798 549.832 91.0082 152 867 411.852
166 -54.8937 -60.7548 -63.7798 648.879 111.628 166 575 334.854
167 -44.1927 -60.7548 -63.7798 611.409 84.3309 154 483 309.452
168 -46.4384 -60.7548 -63.7798 502.349 53.3577 10 756 283.752
169 -51.7671 -60.7548 -63.7798 541.269 35.5416 160 697 347.452
170 -60.6195 -60.7548 -63.7798 529.922 119.306 63 702 290.73
171 -52.8479 -60.7548 -63.7798 536.228 108.961 42 681 251.92
172 -61.0467 -61.0467 -63.7798 539.179 66.7686 148 501 2902
173 -56.6688 -61.0467 -63.7798 449.089 89.0007 134 709 274.32
174 -53.7114 -61.0467 -63.7798 371.744 7.97644 156 458 257.252
175 -58.7488 -61.0467 -63.7798 362.678 19.0191 66 933 296.852
176 -58.5828 -61.0467 -63.7798 497.291 24.6548 102 851 306.153
177 -57.2321 -61.0467 -63.7798 516.776 69.0181 151 692 275.82
178 -53.0803 -61.0467 -63.7798 411.562 59.8352 108 1023 373.52
179 -59.7888 -61.0467 -63.7798 331.452 -19.1548 61 495 308.752
180 -57.4202 -61.0467 -63.7798 378.349 55.3201 60 744 293.752
181 -58.7898 -61.0467 -63.7798 296.802 14.0585 82 913 276.32
182 -60.8989 -61.0467 -63.7798 206.886 -20.5066 128 611 245.32
183 -58.154 -61.0467 -63.7798 225.206 -41.2673 135 486 251.152
184 -63.7731 -63.7731 -63.7798 196.967 -22.1802 42 972 283.752
185 -63.6092 -63.7731 -63.7798 231.285 -21.6202 84 485 241.12
186 -63.7459 -63.7731 -63.7798 210.049 -21.1227 94 448 235.052
187 -63.6097 -63.7731 -63.7798 122.554 -34.3499 47 420 185.42
188 -63.5904 -63.7731 -63.7798 135.508 -36.4162 30 569 208.352
189 -63.641 -63.7731 -63.7798 104.74 -28.8007 58 827 203.052
190 -63.4125 -63.7731 -63.7798 78.0933 -43.1092 14 442 154.552
191 -63.6768 -63.7731 -63.7798 64.0026 -49.5137 33 432 198.62
192 -63.7896 -63.7896 -63.7896 9.3155 -56.5095 28 216 89.252
193 -63.6003 -63.7896 -63.7896 4.65113 -57.6198 30 607 129.62
194 -63.6832 -63.7896 -63.7896 32.7027 -53.8421 36 927 153.952
195 -63.5886 -63.7896 -63.7896 -16.5369 -59.3439 27 283 108.952
